85611
36483
97535
20700
31647
83718
58805
17004
21925
24370
11622
30100
89281
85347
93620
10140
86008
99195
86831
11107
83664
85230
13122
81408
76828
40808
28515
84075
43202
69100
72191
41105
99001
93315
82664
91299
80165
12014
77520
50437
83835
36576
22899
99888
97162
92933
90736
70380
37227
53020
93644
76391
84449
82787
43257
87902
83883
40812
86005
88332
88304
91035
83663
29823
31541
78806
78660
85520
80500
93569
81371
93655
37226
32160
92526
80100
75625
56606
64561
57155
95722
76519
93750
83701
87880
92556
80324
83498
82436
90460
95886
25575
80050
99387
93971
93224
87324
43291
70100
92590
83840
17311
31237
82271
12013
86835
80375
95250
59025
97803
93616
86972
93572
23605
93970
89331
57500
43213
33018
33992
11642
99474
95052
82491
31899
86334
89259
50230
12052
60220
84590
96118
77074
96102
83896
56820
87529
99153
78473
78472
34706
73592
86155
53661
90682
84134
43870
72146
45380
36405
72295
84540
93925
36557
78102
47490
49654
80347
88341
92602
83788
99891
21014
15851
92522
19318
86698
11443
90997
21012
74182
11055
50432
81402
95867
75840
86663
76497
87468
32650
84132
82172
47563
59610
79445
99356
63047
83695
45340
36568
70220
43497
77318
80360
86965
84182
20225
87581
72240
99899
31651
35206
73523
81259
84550
31599
33949
88237
96167
44141
82960
11982
29827
33221
28192
93287
70450
92571
87426
42400
95782
94010
82941
17250
92920
83518
96165
86331
88108
86682
95819
89220
83069
99402
77333
93799
74740
99889
71100
44364
78075
73600
80373
77054
26670
78020
86160
76775
36466
78830
27327
80321
54304
83010
84620
80157
50200
86723
97761
76512
84702
86905
44500
83090
83945
46050
15271
84163
50694
69005
74328
86003
73220
27486
93306
82575
42806
79005
73130
85461
35656
99243
75894
93532
16035
82552
93618
70120
33946
93321
36589
34803
93307
28899
86235
73660
82480
82330
78710
73110
32960
11772
36228
86308
81342
95978
84481
77076
81479
77525
82955
90739
33901
83918
76376
33224
54240
49650
17313
93571
93017
95939
73565
92081
73219
31576
31645
69436
89240
64493
33746
62256
81226
64505
77067
99223
87305
78290
24685
86148
55876
86832
37212
83516
95707
44408
75809
77789
45385
19316
26750
27071
86677
73140
73223
71130
92992
23472
86696
19086
78429
27301
86658
71551
33015
49422
31624
14021
33954
87280
70487
90833
83014
86976
92582
80051
29880
34711
72125
80198
44366
72040
82248
87389
85302
70470
49451
82145
99253
10060
77290
32669
83880
59870
88272
36160
86580
19120
11950
12042
87469
99898
76816
97022
36221
89300
11603
39545
63664
88348
31625
90686
27759
60100
86671
27808
24500
89322
78645
51736
42215
88175
49411
62329
74181
58662
93976
95929
29584
74263
97598
75805
86834
87101
84376
12015
46946
73701
25628
89342
42820
25622
86256
86336
11056
84591
86628
93291
90700
86592
77386
82106
72126
88262
99441
87800
82010
81298
72083
75573
74183
23700
86977
38571
75898
84146
86645
27570
33215
58340
31505
87901
96521
89060
93454
44385
43238
27130
82024
35600
24075
80370
97166
12053
81279
87636
90853
24105
87110
95079
88172
64418
11044
84442
86140
32609
80353
87530
81254
86481
93798
75559
71550
81329
45386
62140
86403
90993
43278
82030
31276
43235
90473
82652
86890
33272
81252
49185
83529
93040
87660
85046
80171
43211
11310
77761
31630
44204
36901
43247
97170
97545
20553
97530
64633
64630
89280
78459
86053
90912
49440
86609
76882
58552
86632
42975
64488
95983
33300
86756
70553
82180
80158
29450
93610
87045
93978
95715
32663
73090
84392
32561
49441
84140
82308
93350
87486
85378
76706
15220
73564
99454
64479
20206
76498
34708
87910
78802
99460
80344
47553
29848
90681
44373
50693
83003
84482
92609
87172
78454
78800
87140
82365
84490
64495
11732
74455
78072
72080
82523
99091
92925
90710
71111
90396
94060
33213
88261
74241
93292
97163
29581
92507
62305
95115
84160
94762
51728
70496
19081
43216
85060
80348
85210
22612
76800
80162
95726
44799
31575
88283
80194
22633
76805
36251
86593
33220
96139
72128
82731
78801
33016
29888
49566
92651
84585
93566
75801
83950
31641
86720
87260
95708
12005
90713
92944
33904
37188
85293
37236
37235
36584
78457
77336
44380
77417
49418
81237
96138
80365
83930
10035
75807
89398
86706
87275
54161
83020
87147
64405
36818
33692
75605
93531
77085
70498
62367
30903
95912
58671
95718
49520
75803
80143
83632
87811
87102
59412
36905
58555
95012
86361
91020
48999
76821
36479
96415
86039
59821
81220
96375
99070
17263
84377
90658
14061
66821
83036
85097
75574
85048
17110
76978
69110
54220
74251
86329
46040
36592
88177
82962
58800
71250
64680
92524
64555
57287
93591
36522
49452
49521
36573
44369
80202
86381
36906
43264
64483
74329
49427
30140
87449
92620
63685
47531
82139
92587
93457
76700
49426
96377
37247
31572
85306
55250
86258
85055
87507
81268
49000
42830
93985
88331
82379
87541
32673
44180
84703
81015
31255
86825
26700
96170
31653
78104
64636
11001
97010
86735
58974
77771
17999
83001
43231
73702
44406
80074
88285
33970
90832
92583
70544
75957
22845
49322
89353
42700
82261
62302
88185
87154
81379
43210
87516
87206
74420
81277
84520
83586
51720
80053
44382
74221
80280
26160
91122
88106
45541
99879
27530
11404
49180
11421
95970
97112
91110
96136
29435
80161
45005
94453
93654
50545
19082
92938
49653
49565
97150
94610
80168
82677
80185
64615
86689
72147
86606
80061
99385
75825
92626
36000
87281
90732
76872
65430
74280
84207
80305
88240
33902
78816
77063
94668
80180
11104
82075
65205
31611
75822
75743
82247
11740
79200
33270
35151
87641
92002
90913
21933
96121
31638
87483
52234
90846
83655
31628
74300
86688
71271
78232
88104
87075
81383
59020
15003
82570
75561
78700
84060
87279
59160
95018
87040
75716
81228
57461
93893
92650
96446
87498
81406
17000
84152
83497
86200
75880
70110
99884
11951
72196
74249
81511
69209
36572
15278
77425
92974
73100
11400
33741
31632
76873
12021
85420
92250
51100
95180
90698
41800
31579
11106
72194
86705
70542
11623
37765
93461
93261
95148
43282
81050
85290
93613
95992
82040
75736
20680
10030
92572
97168
27760
11308
43260
86162
99892
50690
81374
75774
93641
19083
82507
27369
36299
92970
92588
97165
59899
76499
46614
43273
90472
93930
36218
83605
62143
93583
86625
70150
43201
52356
33990
87590
95805
43251
86849
78803
83070
40810
54800
75658
87551
76810
95721
34804
86328
37191
54163
95908
86304
83525
57460
90785
84460
45347
95984
64491
91037
96406
72192
31233
51726
93786
83925
33241
93041
42104
87798
81265
11424
36224
92019
56405
64450
80355
95824
31574
97542
70160
87230
93642
92934
11042
99199
92541
87253
52317
87478
44121
44404
83935
80167
20900
84154
74712
27829
11730
86021
15002
99497
27323
55875
37181
94669
45391
23500
85044
64643
32550
33031
82948
90791
84030
27446
25530
87252
77285
87328
33510
94645
97110
49407
92593
31633
76979
82784
73722
86738
84255
33212
76817
27750
73650
87046
94002
86668
88323
43754
59820
82634
32100
62368
33217
52000
75827
93225
86317
33967
92083
76000
73020
85385
43261
11311
86147
97116
84433
33240
76827
70488
87109
92595
58700
57456
46020
31578
93356
97537
85280
97124
87804
85670
11046
80195
81230
37221
87265
80156
93600
41520
36420
45390
93975
70260
86000
75756
96376
27792
70492
29806
64451
87190
81317
87505
57065
82595
21811
96125
94799
90849
36907
21705
80235
80179
99218
87430
96040
46924
23620
99173
25560
58545
75571
16020
43217
82785
81372
64484
55530
57100
17107
33207
61651
77073
17272
74400
77373
82390
38230
76826
33533
82726
83615
69210
33745
85002
75733
46604
94770
90714
37233
53621
78434
36015
37220
86694
93278
82820
83519
89190
86901
96366
86665
33234
76998
72156
96401
37214
86794
93453
75630
99232
87116
72050
92607
93303
24999
93981
82760
93598
94644
82085
87913
99221
88241
36902
33206
35226
82951
93923
95710
86431
99886
32557
36476
93247
58661
74355
72114
52353
72193
78013
36100
72285
57522
37197
70540
58660
80169
94781
82542
31570
33363
16030
47533
94375
81275
36471
92517
43237
81509
77332
75705
36904
92523
82441
42330
85540
13102
87278
41899
37229
81335
49423
43232
78597
33223
78452
87106
81243
56515
99464
73085
50387
73718
36570
84560
87425
46606
37244
77370
57160
33362
84478
33419
47544
36680
57170
85379
86664
37211
37223
36555
78469
82600
28285
70554
49505
82533
77049
88311
86384
95911
94003
31502
95714
51700
70552
98966
36013
99458
73719
89260
75820
10006
89335
31623
99354
92585
97814
33883
36819
92537
95885
93270
92986
45338
63663
72148
11921
80334
92579
84238
11600
34820
36416
81225
99462
83785
50561
96367
86596
86807
59151
86885
46221
11446
71045
81005
46320
75731
70030
15272
80329
01991
86622
84300
96374
64517
87624
44401
43274
88274
85305
86023
31540
82746
59000
36903
84133
86352
94250
86376
80200
90937
43757
97606
96360
46608
11300
82415
82668
10121
13151
83921
73700
88233
47000
58140
12047
70140
92604
27299
19085
78320
99392
80102
50688
74022
95921
19100
38381
87340
55866
71048
35301
82150
77075
82105
92987
86970
19001
82435
93284
17266
51595
74250
62328
97799
84600
86408
93304
93622
77061
36254
84432
38221
31643
89291
57061
22515
87254
92553
72070
90901
90375
45332
98926
84378
36478
78811
27566
90632
86617
92975
36465
43270
59840
11422
50435
36247
99358
80230
47562
82017
64640
44384
42182
82681
28450
15734
93880
73218
80177
37252
38999
32215
33229
51727
90662
83661
94452
94619
75887
85049
29345
59841
84484
74360
85301
84704
19287
87563
76818
93596
45915
90677
92547
44388
96912
84081
83727
14060
86337
50590
38222
45990
89325
84436
43290
77086
80192
83033
22851
33802
84525
84210
93005
17262
99396
86231
64421
87118
24342
95971
87070
34702
46615
86301
95972
87107
88329
19284
33285
73551
83088
27447
48000
95913
95807
70190
64613
76870
87071
83630
33222
82520
34812
45388
73115
93563
86941
57288
92597
31259
93530
89125
47535
36510
45100
73721
64645
31526
45331
80199
90733
85014
58150
31267
75870
10005
92555
86891
36569
81381
55700
43204
10008
95717
71034
92520
22614
36227
80285
25609
19281
96368
80164
31629
26720
20606
59320
62273
95812
47552
96416
95811
87153
53660
99381
96153
84150
80203
87900
73200
44405
11057
75889
78832
78456
29105
25606
93319
43191
11307
74170
11601
94015
99078
92611
84445
11201
37242
55920
37225
83912
47542
99880
77317
64415
82300
80349
86666
94618
86778
70250
87209
72020
77021
31640
83037
72129
86641
13131
73080
11920
51710
26770
86343
87533
97014
70330
52235
49084
77053
92610
96112
40819
43194
87220
84156
80362
95863
11402
21013
95874
87661
72170
69205
87077
85246
11045
80367
82985
76948
64425
31654
77047
27093
45398
81231
31600
52310
82077
94014
36475
87450
76965
16000
82775
81261
29540
12002
45349
88289
24530
52001
93788
11900
77470
88346
29130
24073
32562
75958
33477
96168
85018
80368
78740
31652
31626
50434
73723
82679
31253
87274
34701
76814
36226
88302
43276
15116
86777
95822
38242
30801
86386
99212
77412
74240
37193
82042
64417
70370
41110
81420
74210
70130
33984
83018
81208
86638
81410
86789
81245
46999
37230
11312
58558
13132
87912
99382
12031
85240
35661
87999
13121
97167
75891
45333
59300
75726
11922
97034
23552
83873
72100
84450
80175
62320
82492
61650
85421
86355
74010
92979
13101
20501
10120
64647
73525
73221
88271
26605
95800
78018
83051
96110
85247
95927
90461
77065
78264
49652
58300
58561
84307
81271
95953
93462
96132
33286
82952
20670
71101
37140
72200
11602
42405
52351
33958
90911
33917
76705
94620
78491
32999
20950
95724
81411
82608
86703
93624
99443
98925
94681
87535
83915
82693
22513
89255
17108
90834
78453
50430
86900
99882
11406
73615
28470
65220
36909
95705
34825
78195
45399
93980
55720
93459
73552
83550
12001
77338
65210
25447
67810
31238
36216
96373
83698
77003
27695
73225
34826
88275
81003
92978
38794
44402
44208
52441
86161
51600
87290
54055
45378
27488
82653
81404
85730
38505
27040
90680
83521
34712
13152
86146
76856
31634
86805
30430
61626
50593
86635
11303
43205
74246
97810
93464
43240
23076
95149
85045
11901
38206
87662
21552
43500
19303
33615
87181
52005
85999
99231
33340
86978
80188
27245
87631
95712
99383
38531
33767
80069
85362
75952
77002
73630
54162
72202
81232
89344
92577
11441
25071
11043
25607
94640
26746
82380
95941
29131
88300
88374
88230
38211
40806
99397
45334
98927
90837
64624
34705
93565
85220
87338
99890
78580
82607
93990
80186
84145
80204
86340
77371
35207
99292
99384
31660
93325
47539
97113
77372
86800
93621
33820
51792
12018
92953
86653
96417
11770
74340
22600
84080
70558
20604
86804
93308
84403
31510
83885
11305
84681
84479
95725
82757
22551
37185
96910
70546
44376
20610
31627
77300
86341
88333
11101
88381
82272
74177
93312
84270
15273
37183
77387
12007
94728
99214
92540
92550
49405
20982
22514
32555
43249
96155
44705
87904
76982
31635
31646
77770
33263
93289
44120
80055
34710
41010
81422
90748
82043
96379
66984
96409
36571
58900
11750
20500
58542
90792
64635
84252
44407
87177
11302
29405
88112
64494
86674
20983
36410
43275
93246
87510
77523
86945
36252
41830
33289
36514
99215
97130
84078
58615
86644
92603
46260
95147
99887
80342
81210
86702
73040
87497
73030
52334
51729
53600
99406
74175
57511
78499
92551
93015
75954
72142
98928
99393
90620
11306
76098
78201
22511
77011
74220
87493
33364
36248
78120
70545
83891
83916
75831
81205
76811
29824
11200
49560
11401
76831
96450
81253
99465
31612
87640
99496
85260
80345
43255
82135
13120
11313
84233
82610
84586
12032
83006
58670
84597
80076
33641
24071
77306
86335
87015
88368
81025
87521
92136
80048
11760
52240
72133
95957
62304
86215
10012
43499
56441
21899
97169
60300
33508
87490
29065
97760
88319
23430
80155
96570
51797
77307
74176
30560
59510
49656
83625
34802
80150
97763
71552
88164
26755
12004
86171
93668
92519
95004
64445
81206
58120
99204
59200
86692
93282
90836
76536
11606
83690
90696
10009
62284
11721
74425
82382
97140
44378
81287
93260
33235
51703
99241
86707
29126
42300
80163
38204
80201
95865
85549
91034
47556
82805
44372
87634
24576
99238
29075
27132
12016
78231
43453
33999
77385
10061
88305
86357
36200
81269
37239
36598
87073
83900
95923
95868
92977
49999
74019
54056
72130
45305
95974
99058
31614
86769
81315
76942
82671
35702
78808
84999
95860
94780
92950
36005
86255
76857
99284
30901
69220
95870
87149
95829
15004
37218
86709
75953
86765
70360
62287
32556
33370
46083
43460
85635
20605
73560
19288
78306
87653
20551
33962
87276
78451
59050
88720
93355
84480
88369
84446
95861
25000
28193
77013
86157
81234
11720
33271
36406
73502
82670
70460
97033
89346
78708
54060
43227
33230
78430
49446
27814
44363
81376
33211
95723
95976
80359
75810
82465
36590
36832
66982
20697
96523
51784
22510
52352
20550
80197
78815
25545
58970
76802
70390
82638
72074
37253
96159
47538
78814
97750
91113
94660
64420
36010
95044
43200
49450
36556
90685
86727
76770
25445
57180
62323
87339
99395
43241
88273
72255
44361
56605
38220
46505
44394
31661
11643
92570
86922
91013
89264
74290
36581
25075
86985
80361
78492
62321
87807
80187
86611
82633
87205
91112
80338
52332
17261
10160
82585
95962
99401
77001
95700
84110
47999
80332
99473
83002
49561
87556
95806
31603
89051
89253
38212
73206
87088
86648
93317
99895
82486
70210
93592
86022
82656
93594
12044
92567
84220
31613
64455
70482
27648
74450
44050
96150
31637
19282
81295
46900
70480
61645
85705
33273
29515
70170
43840
93612
36595
81319
82103
90715
84153
33897
29825
64600
57452
72270
92594
96133
62272
38243
96522
26055
72120
54150
11983
75860
17270
86684
88173
87329
33214
92601
95979
92990
73222
36011
88321
93568
75635
50592
42100
49465
82803
17106
83986
78598
36473
87806
32553
81264
80081
96146
34704
33367
84510
76604
81450
33361
99245
70491
78226
88312
97605
97608
49507
43753
80178
95924
33900
80335
96370
17003
97035
86701
88334
92592
10081
43212
27632
33948
86036
84244
21315
43226
27664
88325
82950
27536
85291
76812
82232
92608
84120
86325
29882
95249
64454
26608
77763
43752
82108
42800
24650
47540
95991
99386
51741
84100
25600
15850
81455
84206
86921
89160
87169
45000
99285
73580
87084
95709
81263
88377
58570
77778
86757
23600
93653
11624
90657
12045
99282
77321
43259
56821
76941
27767
86078
85613
33881
58346
87506
71260
86305
87625
43239
47536
34709
80341
26615
93619
95145
43860
86817
74185
87150
80326
92012
37215
71046
56420
81310
38232
44970
62350
88239
47532
64510
43246
94690
33017
72127
93895
73562
27752
74330
76819
81300
70328
53899
43233
85557
33968
19301
95910
92633
86860
35646
93597
54700
46610
78709
59414
78262
86356
69000
92652
86927
87536
11102
11103
12051
90750
49320
59015
22842
93320
86812
80357
37248
95975
73620
75565
87651
01992
17281
27810
77762
37249
99417
11047
38209
45379
29445
90716
85651
77301
76830
80181
26113
64581
82373
73522
19286
64520
11444
81340
92621
99205
87380
91038
76080
81219
82495
31536
92700
38240
64530
43263
78999
80371
83735
19103
76999
99457
96127
12017
78608
81364
90899
86360
93590
93575
95117
87480
80352
77790
86359
82938
34713
74160
87250
99357
81244
78300
93290
49568
10180
51102
99152
82945
85441
36253
78230
86612
12041
59400
73120
93458
52204
33227
99050
85245
64480
87623
52214
20701
78070
88350
86808
23350
84105
75982
36481
41112
92014
93285
97032
43236
70481
14041
33903
43761
94761
64718
94726
77084
87633
87081
93886
81331
70371
87522
77522
77334
43762
95719
43215
96371
55874
77407
92997
90839
95990
75984
45337
90838
73202
15276
84275
85576
72149
81273
67229
61020
80173
84311
70355
87385
74430
93226
10004
47382
92508
90651
33519
90947
94729
64492
93271
87341
87481
50433
33210
82672
54065
72158
34813
46220
15005
38241
52287
33226
93640
86774
20220
52601
45905
90734
76970
96365
86787
36593
81267
90870
86780
80354
29828
80184
90945
97597
93582
81235
81223
43229
38525
99877
74178
85610
52281
82375
33264
20600
71110
46600
63688
11976
25565
78315
82274
87185
43250
80377
93293
95887
58674
88235
82438
87517
91040
99897
38214
62268
99203
82725
35355
99242
45392
45350
58573
92538
81000
97016
44391
93283
94011
82550
93797
84260
36222
43265
92924
86960
37180
92630
71275
36215
46910
86038
33411
36561
99391
86001
80170
32400
14302
87168
92004
46945
78831
85525
19285
86141
31577
93452
20526
81240
54100
95925
58301
41100
77080
85597
80358
96372
76010
11440
86788
57020
27768
51705
50705
36513
82482
43450
73725
23075
36516
31648
28490
99244
36596
93724
27766
30462
86652
81291
54520
87471
27331
36468
22512
27520
94760
14040
75557
36582
84466
96158
82657
95938
38208
31000
51701
75572
90688
36578
57505
99283
82016
86413
94625
33966
38792
51725
37216
83721
50543
40490
97161
99211
90671
81292
33274
99213
24220
87906
87076
71120
87273
10010
47537
89343
96411
92557
23071
97813
86316
36012
99885
86300
94621
64642
50606
33268
23515
20924
91030
90707
86870
44379
43244
27096
86318
93000
85598
90649
74261
36014
88155
31622
94642
81301
77280
80151
77066
93288
11301
97018
28010
86826
19084
58571
87350
86886
59070
11403
77316
72082
33430
82565
58560
95076
93660
50695
97026
77293
83937
62322
31240
86920
83970
15274
36500
82728
49429
15854
80323
86651
37192
95955
82626
93533
99453
28400
43197
83704
59430
37766
76496
87467
45341
89356
92640
85303
94727
90654
62267
90723
32668
32554
89352
37195
87526
95803
90746
86615
76377
43830
81294
31515
95165
86430
33518
93296
95926
57421
74021
50706
12020
51715
96900
93609
93460
27370
91111
93593
36565
32994
88309
45335
97802
33952
78579
23550
21555
72081
89337
93581
93463
81401
10080
59812
70557
95872
84157
73706
93602
45342
59001
58562
82627
47554
90702
63650
37231
52442
71270
76981
93931
76776
95713
86704
88267
76390
75563
37186
85041
43266
32552
72052
36415
74270
27786
74020
87593
88342
92941
93888
86687
62269
82553
85292
20552
88344
73201
59074
59866
46930
36512
90999
11981
81207
58559
25608
51040
54830
81001
27698
92937
37243
75842
34707
77295
27656
23120
81400
90744
23405
76506
92521
96113
36246
99456
95864
99359
95940
33225
84425
89055
94680
95937
84181
85370
33405
37237
82104
99442
84443
10021
78496
64566
37799
21931
27033
72190
76945
44139
96156
28430
45393
78428
72195
11100
76641
93567
59076
33993
81241
32408
83050
92928
38205
85660
64612
86971
29873
90847
25630
84430
33910
33244
73610
31573
96402
76937
95909
12006
98960
36831
21011
64617
12035
74301
45308
84165
43763
76940
77077
87207
80299
93892
36245
44386
73092
85410
12034
92565
72198
85025
29881
86409
36430
88360
72132
83825
96137
78445
36830
92568
90670
70336
89261
84066
87899
36511
49550
87591
10007
15275
78014
76813
72131
33262
31730
99894
93451
43220
93564
31231
46230
95933
92518
82164
44360
33975
36225
86784
93580
90636
69433
92612
45389
25246
37241
76885
86830
53620
50431
31636
86708
44381
37200
82943
80346
37187
52630
87502
86902
92133
82525
76820
29875
71555
83789
94150
79403
82239
82705
99291
49424
48105
82710
95711
38210
38207
64634
91120
83919
58100
78761
64400
73521
30520
36482
82009
82175
78227
89321
37182
46270
24670
70547
86816
64490
31500
11604
45300
85027
61107
61070
74018
42821
99355
97804
96116
78215
25505
57513
57156
44403
37184
84166
99878
81305
86364
92511
92591
99202
61055
36597
92545
73720
73501
36140
99281
75956
81218
95070
92544
82205
93505
44005
43195
72072
51798
95810
81332
81297
29425
75741
19030
86367
37228
95716
88361
43999
83993
92558
74000
25605
81375
49587
83527
43253
49425
29861
15786
72110
33231
33517
81405
83874
86226
76801
65222
83080
64721
99883
38215
92973
11442
13133
33681
33822
93702
99455
30300
91065
52224
55040
15787
86654
80189
37238
83021
32551
36800
64892
86803
62370
27788
82384
47383
50684
15877
27823
36620
81339
69801
33365
75710
33228
16025
78804
29125
19283
68850
92929
82136
43248
92943
86382
27041
74174
29877
76100
73590
93561
36470
96413
64646
87903
27427
79101
81596
85270
87491
20555
93924
83992
58110
36575
84112
85007
86713
75872
87496
97164
21080
95816
87176
87210
36600
71047
77772
78610
44227
64999
81222
75893
42960
96160
94772
74150
88264
42831
36580
69200
43245
41108
86762
51785
90633
96440
80183
78630
89272
82131
85397
82397
93623
22552
42804
20612
99183
86480
37224
45171
78609
96164
87186
78582
78812
17264
31571
77072
99893
85384
36217
43214
88280
27134
75902
43644
95961
72197
37246
43262
95930
33915
81599
11423
32655
29505
20561
81328
89258
88121
82658
86631
20939
87632
86353
51702
15853
86695
78813
43198
52260
96119
95720
56501
50384
93926
80307
47534
11105
78433
73070
36660
84144
32674
83491
37232
73000
86603
93656
84402
94617
36223
97012
62270
95146
84630
33991
76930
81382
85008
82270
49570
85732
96369
86850
93025
84439
93243
44390
34717
99463
88263
76883
49421
81229
87184
93615
13160
99233
99403
84234
87801
92627
82747
91200
77048
70486
92060
93595
33894
57454
82157
43243
12011
11010
83150
83505
86060
24358
10040
31649
45381
77402
59012
93455
28190
91132
62252
93603
86747
19000
31720
78707
93229
93280
96361
95869
92552
43277
95017
80400
92960
62303
27650
27762
97607
93242
75746
44206
57455
86813
43775
76642
93351
90840
77081
80364
82735
33660
70549
81380
84588
81306
99024
60699
86923
36566
77012
99201
46250
87476
50436
82615
86829
76946
84143
32560
93010
47555
57105
45384
26600
93662
38500
96130
98929
36908
93456
33275
45346
10036
36558
81288
95951
93998
59514
81227
70548
27422
22840
15115
31254
73050
58322
73010
87637
76815
81403
82340
29530
82947
88307
93279
95958
85390
59409
82374
85810
49406
33216
36821
95907
93650
93286
15277
82540
22903
32652
92584
70200
64620
88187
93922
80320
86618
93657
86833
93890
63661
58563
93573
81270
76983
78725
50544
89250
75970
90660
75959
70543
33724
97602
77082
86710
97533
81338
85300
82088
63053
37213
89230
31631
45330
33218
93574
27095
96171
77046
92542
34718
76001
32998
88142
35371
95928
76380
87503
15110
99222
82977
95706
70490
17283
87086
29826
29580
27899
43242
72159
37145
70559
15111
27487
84302
94662
91010
72084
17271
37234
73503
50390
49585
84305
61623
37222
84155
31615
88313
63052
76881
86406
64611
94200
62327
86790
92961
92275
96131
95922
62290
92015
84126
25650
81002
95977
83864
96542
33947
72265
82140
26725
81445
88141
89257
36460
95783
10011
24675
85460
88363
14301
84485
85307
78012
96405
33284
87300
84830
33208
87103
89290
99881
74248
78701
86363
73060
94664
99175
90474
74485
85250
76886
82800
24076
83520
80145
99896
62369
28270
88184
21750
93503
74230
96105
82642
87799
70551
20560
87635
77331
92653
97129
76825
95866
86015
11000
92921
92018
43254
81256
69420
89050
82310
80159
94070
55899
11420
76120
93986
86906
76936
56620
86880
27816
48102
64430
74363
49082
99407
86225
93281
90471
89320
21550
86332
33249
33859
57425
99394
33233
36002
80304
81539
93882
82530
92998
72157
72141
44389
86753
99495
57420
92504
50389
49083
83540
88160
87427
75989
27822
85652
33534
85004
97546
64486
75833
33535
81170
80372
77062
82378
75885
84202
64616
44365
77058
53854
80339
33418
36591
85335
64610
90648
84295
22630
64644
28510
77014
64625
94626
78071
33620
80047
82306
95813
27236
78835
34703
80366
80101
57800
78607
50382
94667
20611
83013
45382
78278
46030
94013
72220
91022
78431
95024
57150
93979
88365
11719
59897
85415
42550
17111
80176
64447
21501