232
185
309
545
502
201
553
368
510
728
614
242
669
464
798
140
234
576
855
315
282
497
841
987
834
291
304
221
736
666
016
327
534
592
273
802
472
542
292
001
626
178
837
037
862
512
828
770
786
707
027
086
388
522
287
815
258
573
674
265
180
090
058
663
866
940
823
295
487
591
717
014
637
506
088
393
019
605
383
495
153
959
314
514
142
916
078
923
036
208
215
689
897
726
933
831
622
615
101
374
114
848
143
945
661
694
483
517
196
236
836
574
521
558
921
012
597
031
845
774
535
606
596
509
135
709
904
193
601
696
958
310
800
308
257
407
063
415
029
799
405
533
814
816
146
244
382
488
651
905
548
976
341
735
650
473
901
970
330
331
377
755
584
071
842
335
259
198
391
206
641
207
950
496
303
301
559
515
803
062
425
570
087
768
927
740
673
246
580
181
421
461
116
082
150
284
329
460
776
041
760
829
494
949
165
903
847
791
564
550
693
662
660
665
481
033
796
328
902
248
253
922
266
734
935
639
100
503
070
006
697
254
151
759
486
711
081
546
537
808
115
068
166
595
444
955
583
941
054
849
683
316
744
285
857
021
028
372
252
293
269
249
724
255
168
804
224
320
539
858
298
355
969
659
624
439
789
585
025
340
811
288
307
872
332
761
203
073
730
593
026
353
152
141
722
020
714
682
342
729
158
098
356
074
072
582
566
743
017
177
505
030
092
219
742
462
793
846
988
436
699
263
628
471
075
507
563
975
964
928
500
121
671
909
204
358
670
183
239
474
434
824
344
392
395
189
420
853
654
002
746
076
155
241
389
306
067
499
501
175
217
547
557
819
458
664
200
094
832
060
653
354
267
806
821
261
603
723
163
480
245
518
830
951
468
312
294
338
657
493
176
191
551
620
929
809
455
827
470
758
042
300
390
055
947
627
222
379
554
896
145
818
476
256
413
700
795
080
725
061
437
498
384
825
378
477
103
235
600
638
336
886
915
644
712
417
690
463
540
137
148
785
675
687
059
274
337
319
305
416
745
805
812
839
418
642
479
718
144
349
190
616
154
250
623
919
467
982
229
617
056
787
640
040
272
095
124
159
965
792
555
370
560
299
520
326
983
887
775
454
251
005
264
797
750
508
386
757
179
182
018
956
658
083
813
835
575
089
621
013
345
625
645
963
807
865
869
123
411
939
727
038
039
409
881
084
914
433
243
469
348
989
066
380
946
228
226
556
668
052
549
598
423
371
459
876
438
867
710
268
826
883
197
602
096
414
870
599
410
184
373
441
572
907
387
894
977
346
741
247
122
511
884
260
065
102
385
854
974
422
085
629
446
788
713
667
205
376
117
394
489
482
604
445
864
737
513
296
581
186
271
443
716
917
419
406
541
840
034
571
136
618
817
138
199
004
738
577
684
747
220
289
913
485
948
350
091
686
139
412
756
934
594
432
536
283
097
187
333
820
003
231
578
240
516
843
920
057
352
543
672
369
656
784
147
643
739
885
868
456
794
195
008
223
504
908
562
895
475
035
833
077
790
688
064
981
156
844
424
227
453
457
565
619
069
440
856
311
381
188
281
779
032
011
544
167
918
442
375
769
810
313
708
871
882
906
552
233
334
149
408
492
024
749
262
351
023
357
561
022
347
192
655
695
822
863
652
286
519
270
435
579
607
010
216
748
754
113
157
218
280
007
290
801
715
053
838
698
880
225
125
339
099
478
957
079
297
465
466
538
093
194
343
202
164
783
302
630